(* Motor Vehicle Accidents—Number and Deaths *)
(* Per thousand *)
(* 1980-2009 *)

17.953.223.09.751.136.827.47.51.30.55.19.28.11.00.13.335.234.822.5
19.345.919.98.543.831.523.26.71.00.10.54.67.86.80.90.12.527.926.418.4
11.546.84.919.97.313.144.633.924.18.60.70.53.27.56.50.90.12.126.724.217.9
10.743.44.419.06.412.141.833.122.49.60.60.42.26.55.60.80.11.723.721.215.9
11.243.64.619.66.112.142.133.522.59.90.60.52.26.45.40.80.21.723.420.915.9
13.843.54.419.95.912.042.033.622.210.20.70.42.16.35.30.80.21.623.020.615.7
12.743.54.619.75.912.241.533.121.210.70.70.42.36.15.20.80.11.622.420.015.4
11.442.44.718.66.111.841.733.420.911.30.80.10.42.55.84.90.80.11.622.319.615.3
13.443.44.819.15.912.341.933.520.711.50.80.52.95.64.80.70.11.522.019.3
12.543.84.918.86.112.842.233.220.311.70.70.53.25.84.90.70.11.522.119.114.8
18.345.45.319.26.113.643.034.120.612.30.70.53.35.64.90.70.11.522.119.114.9
11.844.15.119.85.712.442.933.619.712.50.70.63.75.54.80.60.11.521.918.614.8
10.944.95.119.66.013.042.833.319.212.70.80.64.05.54.70.70.11.421.518.014.6
10.745.35.319.06.113.643.533.118.513.00.80.10.74.65.94.90.80.21.521.717.714.7
10.445.35.418.56.213.942.732.117.912.80.80.64.85.84.80.80.21.421.117.014.3
10.643.95.217.76.013.841.330.516.612.50.80.65.25.64.70.70.21.420.116.113.7
10.239.74.515.45.712.937.426.814.610.80.70.10.65.35.34.40.70.21.318.014.512.3
10.835.94.013.95.311.633.824.513.110.30.50.64.54.94.10.60.21.111.0